	State	State Code	Year	Year Code	Deaths	Population	Crude Rate	Row	Space
0	Alabama	1	1999	1999	164	4430141	3.7	6	7
1	Alabama	1	2000	2000	190	4447100	4.3	6	7
2	Alabama	1	2001	2001	208	4467634	4.7	6	7
3	Alabama	1	2002	2002	205	4480089	4.6	6	7
4	Alabama	1	2003	2003	187	4503491	4.2	6	7
5	Alabama	1	2004	2004	277	4530729	6.1	6	7
6	Alabama	1	2005	2005	277	4569805	6.1	6	7
7	Alabama	1	2006	2006	390	4628981	8.4	6	7
8	Alabama	1	2007	2007	495	4672840	10.6	6	7
9	Alabama	1	2008	2008	596	4718206	12.6	6	7
10	Alabama	1	2009	2009	623	4757938	13.1	6	7
11	Alabama	1	2010	2010	541	4779736	11.3	6	7
12	Alabama	1	2011	2011	547	4802740	11.4	6	7
13	Alabama	1	2012	2012	561	4822023	11.6	6	7
14	Alabama	1	2013	2013	589	4833722	12.2	6	7
15	Alabama	1	2014	2014	715	4849377	14.7	6	7
16	Alabama	1	2015	2015	735	4858979	15.1	6	7
17	Alaska	2	1999	1999	43	624779	6.9	0	0
18	Alaska	2	2000	2000	44	626932	7.0	0	0
19	Alaska	2	2001	2001	61	633714	9.6	0	0
20	Alaska	2	2002	2002	80	642337	12.5	0	0
21	Alaska	2	2003	2003	79	648414	12.2	0	0
22	Alaska	2	2004	2004	85	659286	12.9	0	0
23	Alaska	2	2005	2005	78	666946	11.7	0	0
24	Alaska	2	2006	2006	75	675302	11.1	0	0
25	Alaska	2	2007	2007	71	680300	10.4	0	0
26	Alaska	2	2008	2008	125	687455	18.2	0	0
27	Alaska	2	2009	2009	128	698895	18.3	0	0
28	Alaska	2	2010	2010	81	710231	11.4	0	0
29	Alaska	2	2011	2011	106	722718	14.7	0	0
30	Alaska	2	2012	2012	129	731449	17.6	0	0
31	Alaska	2	2013	2013	105	735132	14.3	0	0
32	Alaska	2	2014	2014	123	736732	16.7	0	0
33	Alaska	2	2015	2015	122	738432	16.5	0	0
34	Arizona	4	1999	1999	501	5023823	10.0	5	2
35	Arizona	4	2000	2000	510	5130632	9.9	5	2
36	Arizona	4	2001	2001	543	5273477	10.3	5	2
37	Arizona	4	2002	2002	614	5396255	11.4	5	2
38	Arizona	4	2003	2003	661	5510364	12.0	5	2
39	Arizona	4	2004	2004	732	5652404	13.0	5	2
40	Arizona	4	2005	2005	779	5839077	13.3	5	2
41	Arizona	4	2006	2006	864	6029141	14.3	5	2
42	Arizona	4	2007	2007	927	6167681	15.0	5	2
43	Arizona	4	2008	2008	818	6280362	13.0	5	2
44	Arizona	4	2009	2009	992	6343154	15.6	5	2
45	Arizona	4	2010	2010	1088	6392017	17.0	5	2
46	Arizona	4	2011	2011	1064	6482505	16.4	5	2
47	Arizona	4	2012	2012	1126	6553255	17.2	5	2
48	Arizona	4	2013	2013	1212	6626624	18.3	5	2
49	Arizona	4	2014	2014	1207	6731484	17.9	5	2
50	Arizona	4	2015	2015	1261	6828065	18.5	5	2
51	Arkansas	5	1999	1999	109	2651860	4.1	5	5
52	Arkansas	5	2000	2000	139	2673400	5.2	5	5
53	Arkansas	5	2001	2001	123	2691571	4.6	5	5
54	Arkansas	5	2002	2002	169	2705927	6.2	5	5
55	Arkansas	5	2003	2003	179	2724816	6.6	5	5
56	Arkansas	5	2004	2004	224	2749686	8.1	5	5
57	Arkansas	5	2005	2005	265	2781097	9.5	5	5
58	Arkansas	5	2006	2006	282	2821761	10.0	5	5
59	Arkansas	5	2007	2007	295	2848650	10.4	5	5
60	Arkansas	5	2008	2008	355	2874554	12.3	5	5
61	Arkansas	5	2009	2009	349	2896843	12.0	5	5
62	Arkansas	5	2010	2010	348	2915918	11.9	5	5
63	Arkansas	5	2011	2011	351	2937979	11.9	5	5
64	Arkansas	5	2012	2012	363	2949131	12.3	5	5
65	Arkansas	5	2013	2013	310	2959373	10.5	5	5
66	Arkansas	5	2014	2014	352	2966369	11.9	5	5
67	Arkansas	5	2015	2015	387	2978204	13.0	5	5
68	California	6	1999	1999	2618	33499204	7.8	4	1
69	California	6	2000	2000	1901	33871648	5.6	4	1
70	California	6	2001	2001	1195	34479458	3.5	4	1
71	California	6	2002	2002	2920	34871843	8.4	4	1
72	California	6	2003	2003	3051	35253159	8.7	4	1
73	California	6	2004	2004	3068	35574576	8.6	4	1
74	California	6	2005	2005	3151	35827943	8.8	4	1
75	California	6	2006	2006	3442	36021202	9.6	4	1
76	California	6	2007	2007	3796	36250311	10.5	4	1
77	California	6	2008	2008	3808	36604337	10.4	4	1
78	California	6	2009	2009	4006	36961229	10.8	4	1
79	California	6	2010	2010	4004	37253956	10.7	4	1
80	California	6	2011	2011	4136	37691912	11.0	4	1
81	California	6	2012	2012	3995	38041430	10.5	4	1
82	California	6	2013	2013	4402	38332521	11.5	4	1
83	California	6	2014	2014	4473	38802500	11.5	4	1
84	California	6	2015	2015	4623	39144818	11.8	4	1
85	Colorado	8	1999	1999	340	4226018	8.0	4	3
86	Colorado	8	2000	2000	345	4301261	8.0	4	3
87	Colorado	8	2001	2001	399	4425687	9.0	4	3
88	Colorado	8	2002	2002	439	4490406	9.8	4	3
89	Colorado	8	2003	2003	484	4528732	10.7	4	3
90	Colorado	8	2004	2004	501	4575013	11.0	4	3
91	Colorado	8	2005	2005	587	4631888	12.7	4	3
92	Colorado	8	2006	2006	616	4720423	13.0	4	3
93	Colorado	8	2007	2007	717	4803868	14.9	4	3
94	Colorado	8	2008	2008	736	4889730	15.1	4	3
95	Colorado	8	2009	2009	756	4972195	15.2	4	3
96	Colorado	8	2010	2010	646	5029196	12.8	4	3
97	Colorado	8	2011	2011	836	5116796	16.3	4	3
98	Colorado	8	2012	2012	804	5187582	15.5	4	3
99	Colorado	8	2013	2013	837	5268367	15.9	4	3
100	Colorado	8	2014	2014	891	5355866	16.6	4	3
101	Colorado	8	2015	2015	864	5456574	15.8	4	3
102	Connecticut	9	1999	1999	304	3386401	9.0	3	10
103	Connecticut	9	2000	2000	317	3405565	9.3	3	10
104	Connecticut	9	2001	2001	300	3432835	8.7	3	10
105	Connecticut	9	2002	2002	351	3458749	10.1	3	10
106	Connecticut	9	2003	2003	299	3484336	8.6	3	10
107	Connecticut	9	2004	2004	328	3496094	9.4	3	10
108	Connecticut	9	2005	2005	292	3506956	8.3	3	10
109	Connecticut	9	2006	2006	397	3517460	11.3	3	10
110	Connecticut	9	2007	2007	426	3527270	12.1	3	10
111	Connecticut	9	2008	2008	378	3545579	10.7	3	10
112	Connecticut	9	2009	2009	388	3561807	10.9	3	10
113	Connecticut	9	2010	2010	356	3574097	10.0	3	10
114	Connecticut	9	2011	2011	396	3580709	11.1	3	10
115	Connecticut	9	2012	2012	433	3590347	12.1	3	10
116	Connecticut	9	2013	2013	572	3596080	15.9	3	10
117	Connecticut	9	2014	2014	621	3596677	17.3	3	10
118	Connecticut	9	2015	2015	797	3590886	22.2	3	10
119	Delaware	10	1999	1999	49	774990	6.3	5	9
120	Delaware	10	2000	2000	54	783600	6.9	5	9
121	Delaware	10	2001	2001	64	795699	8.0	5	9
122	Delaware	10	2002	2002	83	806169	10.3	5	9
123	Delaware	10	2003	2003	76	818003	9.3	5	9
124	Delaware	10	2004	2004	61	830803	7.3	5	9
125	Delaware	10	2005	2005	62	845150	7.3	5	9
126	Delaware	10	2006	2006	77	859268	9.0	5	9
127	Delaware	10	2007	2007	96	871749	11.0	5	9
128	Delaware	10	2008	2008	123	883874	13.9	5	9
129	Delaware	10	2009	2009	135	891730	15.1	5	9
130	Delaware	10	2010	2010	143	897934	15.9	5	9
131	Delaware	10	2011	2011	157	907135	17.3	5	9
132	Delaware	10	2012	2012	140	917092	15.3	5	9
133	Delaware	10	2013	2013	166	925749	17.9	5	9
134	Delaware	10	2014	2014	189	935614	20.2	5	9
135	Delaware	10	2015	2015	198	945934	20.9	5	9
136	District of Columbia	11	1999	1999	48	570213	8.4	4	10
137	District of Columbia	11	2000	2000	74	572059	12.9	4	10
138	District of Columbia	11	2001	2001	92	574504	16.0	4	10
139	District of Columbia	11	2002	2002	60	573158	10.5	4	10
140	District of Columbia	11	2003	2003	100	568502	17.6	4	10
141	District of Columbia	11	2004	2004	87	567754	15.3	4	10
142	District of Columbia	11	2005	2005	76	567136	13.4	4	10
143	District of Columbia	11	2006	2006	100	570681	17.5	4	10
144	District of Columbia	11	2007	2007	57	574404	9.9	4	10
145	District of Columbia	11	2008	2008	56	580236	9.7	4	10
146	District of Columbia	11	2009	2009	24	592228	4.1	4	10
147	District of Columbia	11	2010	2010	75	601723	12.5	4	10
148	District of Columbia	11	2011	2011	84	617996	13.6	4	10
149	District of Columbia	11	2012	2012	74	632323	11.7	4	10
150	District of Columbia	11	2013	2013	100	646449	15.5	4	10
151	District of Columbia	11	2014	2014	93	658893	14.1	4	10
152	District of Columbia	11	2015	2015	124	672228	18.4	4	10
153	Florida	12	1999	1999	965	15759421	6.1	7	9
154	Florida	12	2000	2000	1132	15982378	7.1	7	9
155	Florida	12	2001	2001	1705	16356966	10.4	7	9
156	Florida	12	2002	2002	1896	16689370	11.4	7	9
157	Florida	12	2003	2003	2022	17004085	11.9	7	9
158	Florida	12	2004	2004	2231	17415318	12.8	7	9
159	Florida	12	2005	2005	2331	17842038	13.1	7	9
160	Florida	12	2006	2006	2547	18166990	14.0	7	9
161	Florida	12	2007	2007	2761	18367842	15.0	7	9
162	Florida	12	2008	2008	2927	18527305	15.8	7	9
163	Florida	12	2009	2009	3053	18652644	16.4	7	9
164	Florida	12	2010	2010	3026	18801310	16.1	7	9
165	Florida	12	2011	2011	2885	19057542	15.1	7	9
166	Florida	12	2012	2012	2571	19317568	13.3	7	9
167	Florida	12	2013	2013	2450	19552860	12.5	7	9
168	Florida	12	2014	2014	2609	19893297	13.1	7	9
169	Florida	12	2015	2015	3207	20271272	15.8	7	9
170	Georgia	13	1999	1999	274	8045965	3.4	6	8
171	Georgia	13	2000	2000	353	8186453	4.3	6	8
172	Georgia	13	2001	2001	490	8377038	5.8	6	8
173	Georgia	13	2002	2002	548	8508256	6.4	6	8
174	Georgia	13	2003	2003	593	8622793	6.9	6	8
175	Georgia	13	2004	2004	658	8769252	7.5	6	8
176	Georgia	13	2005	2005	721	8925922	8.1	6	8
177	Georgia	13	2006	2006	821	9155813	9.0	6	8
178	Georgia	13	2007	2007	907	9349988	9.7	6	8
179	Georgia	13	2008	2008	926	9504843	9.7	6	8
180	Georgia	13	2009	2009	988	9620846	10.3	6	8
181	Georgia	13	2010	2010	1045	9687653	10.8	6	8
182	Georgia	13	2011	2011	1051	9815210	10.7	6	8
183	Georgia	13	2012	2012	1048	9919945	10.6	6	8
184	Georgia	13	2013	2013	1081	9992167	10.8	6	8
185	Georgia	13	2014	2014	1201	10097343	11.9	6	8
186	Georgia	13	2015	2015	1291	10214860	12.6	6	8
187	Hawaii	15	1999	1999	74	1210300	6.1	7	1
188	Hawaii	15	2000	2000	61	1211537	5.0	7	1
189	Hawaii	15	2001	2001	75	1225948	6.1	7	1
190	Hawaii	15	2002	2002	76	1239613	6.1	7	1
191	Hawaii	15	2003	2003	92	1251154	7.4	7	1
192	Hawaii	15	2004	2004	103	1273569	8.1	7	1
193	Hawaii	15	2005	2005	126	1292729	9.7	7	1
194	Hawaii	15	2006	2006	85	1309731	6.5	7	1
195	Hawaii	15	2007	2007	136	1315675	10.3	7	1
196	Hawaii	15	2008	2008	122	1332213	9.2	7	1
197	Hawaii	15	2009	2009	135	1346717	10.0	7	1
198	Hawaii	15	2010	2010	151	1360301	11.1	7	1
199	Hawaii	15	2011	2011	179	1374810	13.0	7	1
200	Hawaii	15	2012	2012	154	1392313	11.1	7	1
201	Hawaii	15	2013	2013	157	1404054	11.2	7	1
202	Hawaii	15	2014	2014	155	1419561	10.9	7	1
203	Hawaii	15	2015	2015	168	1431603	11.7	7	1
204	Idaho	16	1999	1999	64	1275674	5.0	2	2
205	Idaho	16	2000	2000	64	1293953	4.9	2	2
206	Idaho	16	2001	2001	93	1319962	7.0	2	2
207	Idaho	16	2002	2002	113	1340372	8.4	2	2
208	Idaho	16	2003	2003	100	1363380	7.3	2	2
209	Idaho	16	2004	2004	96	1391802	6.9	2	2
210	Idaho	16	2005	2005	109	1428241	7.6	2	2
211	Idaho	16	2006	2006	126	1468669	8.6	2	2
212	Idaho	16	2007	2007	124	1505105	8.2	2	2
213	Idaho	16	2008	2008	144	1534320	9.4	2	2
214	Idaho	16	2009	2009	169	1554439	10.9	2	2
215	Idaho	16	2010	2010	177	1567582	11.3	2	2
216	Idaho	16	2011	2011	191	1584985	12.1	2	2
217	Idaho	16	2012	2012	180	1595728	11.3	2	2
218	Idaho	16	2013	2013	205	1612136	12.7	2	2
219	Idaho	16	2014	2014	209	1634464	12.8	2	2
220	Idaho	16	2015	2015	216	1654930	13.1	2	2
221	Illinois	17	1999	1999	805	12359020	6.5	2	6
222	Illinois	17	2000	2000	854	12419293	6.9	2	6
223	Illinois	17	2001	2001	873	12488445	7.0	2	6
224	Illinois	17	2002	2002	959	12525556	7.7	2	6
225	Illinois	17	2003	2003	829	12556006	6.6	2	6
226	Illinois	17	2004	2004	1013	12589773	8.0	2	6
227	Illinois	17	2005	2005	1046	12609903	8.3	2	6
228	Illinois	17	2006	2006	1344	12643955	10.6	2	6
229	Illinois	17	2007	2007	1174	12695866	9.2	2	6
230	Illinois	17	2008	2008	1326	12747038	10.4	2	6
231	Illinois	17	2009	2009	1364	12796778	10.7	2	6
232	Illinois	17	2010	2010	1277	12830632	10.0	2	6
233	Illinois	17	2011	2011	1395	12869257	10.8	2	6
234	Illinois	17	2012	2012	1616	12875255	12.6	2	6
235	Illinois	17	2013	2013	1559	12882135	12.1	2	6
236	Illinois	17	2014	2014	1687	12880580	13.1	2	6
237	Illinois	17	2015	2015	1824	12859995	14.2	2	6
238	Indiana	18	1999	1999	184	6044969	3.0	3	6
239	Indiana	18	2000	2000	204	6080485	3.4	3	6
240	Indiana	18	2001	2001	279	6127760	4.6	3	6
241	Indiana	18	2002	2002	284	6155967	4.6	3	6
242	Indiana	18	2003	2003	424	6196638	6.8	3	6
243	Indiana	18	2004	2004	530	6233007	8.5	3	6
244	Indiana	18	2005	2005	606	6278616	9.7	3	6
245	Indiana	18	2006	2006	728	6332669	11.5	3	6
246	Indiana	18	2007	2007	770	6379599	12.1	3	6
247	Indiana	18	2008	2008	824	6424806	12.8	3	6
248	Indiana	18	2009	2009	887	6459325	13.7	3	6
249	Indiana	18	2010	2010	911	6483802	14.1	3	6
250	Indiana	18	2011	2011	968	6516922	14.9	3	6
251	Indiana	18	2012	2012	999	6537334	15.3	3	6
252	Indiana	18	2013	2013	1050	6570902	16.0	3	6
253	Indiana	18	2014	2014	1164	6596855	17.6	3	6
254	Indiana	18	2015	2015	1238	6619680	18.7	3	6
255	Iowa	19	1999	1999	48	2917634	1.6	3	5
256	Iowa	19	2000	2000	67	2926324	2.3	3	5
257	Iowa	19	2001	2001	86	2931997	2.9	3	5
258	Iowa	19	2002	2002	85	2934234	2.9	3	5
259	Iowa	19	2003	2003	92	2941999	3.1	3	5
260	Iowa	19	2004	2004	122	2953635	4.1	3	5
261	Iowa	19	2005	2005	133	2964454	4.5	3	5
262	Iowa	19	2006	2006	180	2982644	6.0	3	5
263	Iowa	19	2007	2007	198	2999212	6.6	3	5
264	Iowa	19	2008	2008	202	3016734	6.7	3	5
265	Iowa	19	2009	2009	203	3032870	6.7	3	5
266	Iowa	19	2010	2010	246	3046355	8.1	3	5
267	Iowa	19	2011	2011	249	3062309	8.1	3	5
268	Iowa	19	2012	2012	256	3074186	8.3	3	5
269	Iowa	19	2013	2013	272	3090416	8.8	3	5
270	Iowa	19	2014	2014	256	3107126	8.2	3	5
271	Iowa	19	2015	2015	300	3123899	9.6	3	5
272	Kansas	20	1999	1999	86	2678338	3.2	5	4
273	Kansas	20	2000	2000	98	2688418	3.6	5	4
274	Kansas	20	2001	2001	128	2702162	4.7	5	4
275	Kansas	20	2002	2002	165	2713535	6.1	5	4
276	Kansas	20	2003	2003	182	2723004	6.7	5	4
277	Kansas	20	2004	2004	215	2734373	7.9	5	4
278	Kansas	20	2005	2005	237	2745299	8.6	5	4
279	Kansas	20	2006	2006	253	2762931	9.2	5	4
280	Kansas	20	2007	2007	268	2783785	9.6	5	4
281	Kansas	20	2008	2008	216	2808076	7.7	5	4
282	Kansas	20	2009	2009	299	2832704	10.6	5	4
283	Kansas	20	2010	2010	267	2853118	9.4	5	4
284	Kansas	20	2011	2011	278	2871238	9.7	5	4
285	Kansas	20	2012	2012	318	2885905	11.0	5	4
286	Kansas	20	2013	2013	324	2893957	11.2	5	4
287	Kansas	20	2014	2014	326	2904021	11.2	5	4
288	Kansas	20	2015	2015	327	2911641	11.2	5	4
289	Kentucky	21	1999	1999	189	4018053	4.7	4	6
290	Kentucky	21	2000	2000	228	4041769	5.6	4	6
291	Kentucky	21	2001	2001	339	4068132	8.3	4	6
292	Kentucky	21	2002	2002	421	4089875	10.3	4	6
293	Kentucky	21	2003	2003	550	4117170	13.4	4	6
294	Kentucky	21	2004	2004	516	4146101	12.4	4	6
295	Kentucky	21	2005	2005	633	4182742	15.1	4	6
296	Kentucky	21	2006	2006	717	4219239	17.0	4	6
297	Kentucky	21	2007	2007	701	4256672	16.5	4	6
298	Kentucky	21	2008	2008	745	4289878	17.4	4	6
299	Kentucky	21	2009	2009	765	4317074	17.7	4	6
300	Kentucky	21	2010	2010	1003	4339367	23.1	4	6
301	Kentucky	21	2011	2011	1056	4369356	24.2	4	6
302	Kentucky	21	2012	2012	1072	4380415	24.5	4	6
303	Kentucky	21	2013	2013	1018	4395295	23.2	4	6
304	Kentucky	21	2014	2014	1072	4413457	24.3	4	6
305	Kentucky	21	2015	2015	1268	4425092	28.7	4	6
306	Louisiana	22	1999	1999	186	4460811	4.2	6	5
307	Louisiana	22	2000	2000	241	4468976	5.4	6	5
308	Louisiana	22	2001	2001	262	4477875	5.9	6	5
309	Louisiana	22	2002	2002	359	4497267	8.0	6	5
310	Louisiana	22	2003	2003	524	4521042	11.6	6	5
311	Louisiana	22	2004	2004	534	4552238	11.7	6	5
312	Louisiana	22	2005	2005	656	4576628	14.3	6	5
313	Louisiana	22	2006	2006	702	4302665	16.3	6	5
314	Louisiana	22	2007	2007	803	4375581	18.4	6	5
315	Louisiana	22	2008	2008	638	4435586	14.4	6	5
316	Louisiana	22	2009	2009	577	4491648	12.8	6	5
317	Louisiana	22	2010	2010	587	4533372	12.9	6	5
318	Louisiana	22	2011	2011	597	4574836	13.0	6	5
319	Louisiana	22	2012	2012	561	4601893	12.2	6	5
320	Louisiana	22	2013	2013	808	4625470	17.5	6	5
321	Louisiana	22	2014	2014	773	4649676	16.6	6	5
322	Louisiana	22	2015	2015	853	4670724	18.3	6	5
323	Maine	23	1999	1999	65	1266808	5.1	0	11
324	Maine	23	2000	2000	61	1274923	4.8	0	11
325	Maine	23	2001	2001	85	1285692	6.6	0	11
326	Maine	23	2002	2002	137	1295960	10.6	0	11
327	Maine	23	2003	2003	131	1306513	10.0	0	11
328	Maine	23	2004	2004	140	1313688	10.7	0	11
329	Maine	23	2005	2005	163	1318787	12.4	0	11
330	Maine	23	2006	2006	158	1323619	11.9	0	11
331	Maine	23	2007	2007	158	1327040	11.9	0	11
332	Maine	23	2008	2008	159	1330509	12.0	0	11
333	Maine	23	2009	2009	169	1329590	12.7	0	11
334	Maine	23	2010	2010	132	1328361	9.9	0	11
335	Maine	23	2011	2011	154	1328188	11.6	0	11
336	Maine	23	2012	2012	149	1329192	11.2	0	11
337	Maine	23	2013	2013	172	1328302	12.9	0	11
338	Maine	23	2014	2014	215	1330089	16.2	0	11
339	Maine	23	2015	2015	269	1329328	20.2	0	11
340	Maryland	24	1999	1999	625	5254509	11.9	4	9
341	Maryland	24	2000	2000	613	5296486	11.6	4	9
342	Maryland	24	2001	2001	629	5374691	11.7	4	9
343	Maryland	24	2002	2002	713	5440389	13.1	4	9
344	Maryland	24	2003	2003	770	5496269	14.0	4	9
345	Maryland	24	2004	2004	667	5546935	12.0	4	9
346	Maryland	24	2005	2005	646	5592379	11.6	4	9
347	Maryland	24	2006	2006	752	5627367	13.4	4	9
348	Maryland	24	2007	2007	759	5653408	13.4	4	9
349	Maryland	24	2008	2008	669	5684965	11.8	4	9
350	Maryland	24	2009	2009	735	5730388	12.8	4	9
351	Maryland	24	2010	2010	637	5773552	11.0	4	9
352	Maryland	24	2011	2011	697	5828289	12.0	4	9
353	Maryland	24	2012	2012	820	5884563	13.9	4	9
354	Maryland	24	2013	2013	889	5928814	15.0	4	9
355	Maryland	24	2014	2014	1062	5976407	17.8	4	9
356	Maryland	24	2015	2015	1270	6006401	21.1	4	9
357	Massachusetts	25	1999	1999	478	6317345	7.6	2	11
358	Massachusetts	25	2000	2000	460	6349097	7.2	2	11
359	Massachusetts	25	2001	2001	672	6397634	10.5	2	11
360	Massachusetts	25	2002	2002	698	6417206	10.9	2	11
361	Massachusetts	25	2003	2003	815	6422565	12.7	2	11
362	Massachusetts	25	2004	2004	661	6412281	10.3	2	11
363	Massachusetts	25	2005	2005	768	6403290	12.0	2	11
364	Massachusetts	25	2006	2006	962	6410084	15.0	2	11
365	Massachusetts	25	2007	2007	912	6431559	14.2	2	11
366	Massachusetts	25	2008	2008	778	6468967	12.0	2	11
367	Massachusetts	25	2009	2009	807	6517613	12.4	2	11
368	Massachusetts	25	2010	2010	732	6547629	11.2	2	11
369	Massachusetts	25	2011	2011	853	6587536	12.9	2	11
370	Massachusetts	25	2012	2012	851	6646144	12.8	2	11
371	Massachusetts	25	2013	2013	1074	6692824	16.0	2	11
372	Massachusetts	25	2014	2014	1285	6745408	19.0	2	11
373	Massachusetts	25	2015	2015	1718	6794422	25.3	2	11
374	Michigan	26	1999	1999	446	9897116	4.5	2	8
375	Michigan	26	2000	2000	546	9938444	5.5	2	8
376	Michigan	26	2001	2001	594	9991120	5.9	2	8
377	Michigan	26	2002	2002	730	10015710	7.3	2	8
378	Michigan	26	2003	2003	745	10041152	7.4	2	8
379	Michigan	26	2004	2004	854	10055315	8.5	2	8
380	Michigan	26	2005	2005	966	10051137	9.6	2	8
381	Michigan	26	2006	2006	1157	10036081	11.5	2	8
382	Michigan	26	2007	2007	1212	10001284	12.1	2	8
383	Michigan	26	2008	2008	1219	9946889	12.3	2	8
384	Michigan	26	2009	2009	1407	9901591	14.2	2	8
385	Michigan	26	2010	2010	1381	9883640	14.0	2	8
386	Michigan	26	2011	2011	1366	9876187	13.8	2	8
387	Michigan	26	2012	2012	1293	9883360	13.1	2	8
388	Michigan	26	2013	2013	1537	9895622	15.5	2	8
389	Michigan	26	2014	2014	1753	9909877	17.7	2	8
390	Michigan	26	2015	2015	1968	9922576	19.8	2	8
391	Minnesota	27	1999	1999	133	4873481	2.7	2	5
392	Minnesota	27	2000	2000	126	4919479	2.6	2	5
393	Minnesota	27	2001	2001	178	4982796	3.6	2	5
394	Minnesota	27	2002	2002	193	5018935	3.8	2	5
395	Minnesota	27	2003	2003	235	5053572	4.7	2	5
396	Minnesota	27	2004	2004	240	5087713	4.7	2	5
397	Minnesota	27	2005	2005	279	5119598	5.4	2	5
398	Minnesota	27	2006	2006	300	5163555	5.8	2	5
399	Minnesota	27	2007	2007	327	5207203	6.3	2	5
400	Minnesota	27	2008	2008	374	5247018	7.1	2	5
401	Minnesota	27	2009	2009	413	5281203	7.8	2	5
402	Minnesota	27	2010	2010	393	5303925	7.4	2	5
403	Minnesota	27	2011	2011	508	5344861	9.5	2	5
404	Minnesota	27	2012	2012	478	5379139	8.9	2	5
405	Minnesota	27	2013	2013	517	5420380	9.5	2	5
406	Minnesota	27	2014	2014	509	5457173	9.3	2	5
407	Minnesota	27	2015	2015	577	5489594	10.5	2	5
408	Mississippi	28	1999	1999	86	2828408	3.0	6	6
409	Mississippi	28	2000	2000	108	2844658	3.8	6	6
410	Mississippi	28	2001	2001	164	2852994	5.7	6	6
411	Mississippi	28	2002	2002	176	2858681	6.2	6	6
412	Mississippi	28	2003	2003	205	2868312	7.1	6	6
413	Mississippi	28	2004	2004	212	2889010	7.3	6	6
414	Mississippi	28	2005	2005	240	2905943	8.3	6	6
415	Mississippi	28	2006	2006	328	2904978	11.3	6	6
416	Mississippi	28	2007	2007	308	2928350	10.5	6	6
417	Mississippi	28	2008	2008	299	2947806	10.1	6	6
418	Mississippi	28	2009	2009	315	2958774	10.6	6	6
419	Mississippi	28	2010	2010	328	2967297	11.1	6	6
420	Mississippi	28	2011	2011	298	2978512	10.0	6	6
421	Mississippi	28	2012	2012	306	2984926	10.3	6	6
422	Mississippi	28	2013	2013	312	2991207	10.4	6	6
423	Mississippi	28	2014	2014	331	2994079	11.1	6	6
424	Mississippi	28	2015	2015	347	2992333	11.6	6	6
425	Missouri	29	1999	1999	270	5561948	4.9	4	5
426	Missouri	29	2000	2000	289	5595211	5.2	4	5
427	Missouri	29	2001	2001	341	5641142	6.0	4	5
428	Missouri	29	2002	2002	413	5674825	7.3	4	5
429	Missouri	29	2003	2003	508	5709403	8.9	4	5
430	Missouri	29	2004	2004	535	5747741	9.3	4	5
431	Missouri	29	2005	2005	595	5790300	10.3	4	5
432	Missouri	29	2006	2006	736	5842704	12.6	4	5
433	Missouri	29	2007	2007	700	5887612	11.9	4	5
434	Missouri	29	2008	2008	747	5923916	12.6	4	5
435	Missouri	29	2009	2009	847	5961088	14.2	4	5
436	Missouri	29	2010	2010	990	5988927	16.5	4	5
437	Missouri	29	2011	2011	945	6010688	15.7	4	5
438	Missouri	29	2012	2012	929	6021988	15.4	4	5
439	Missouri	29	2013	2013	1019	6044171	16.9	4	5
440	Missouri	29	2014	2014	1051	6063589	17.3	4	5
441	Missouri	29	2015	2015	1054	6083672	17.3	4	5
442	Montana	30	1999	1999	39	897507	4.3	2	3
443	Montana	30	2000	2000	39	902195	4.3	2	3
444	Montana	30	2001	2001	55	906961	6.1	2	3
445	Montana	30	2002	2002	76	911667	8.3	2	3
446	Montana	30	2003	2003	93	919630	10.1	2	3
447	Montana	30	2004	2004	98	930009	10.5	2	3
448	Montana	30	2005	2005	93	940102	9.9	2	3
449	Montana	30	2006	2006	96	952692	10.1	2	3
450	Montana	30	2007	2007	120	964706	12.4	2	3
451	Montana	30	2008	2008	133	976415	13.6	2	3
452	Montana	30	2009	2009	140	983982	14.2	2	3
453	Montana	30	2010	2010	117	989415	11.8	2	3
454	Montana	30	2011	2011	139	998199	13.9	2	3
455	Montana	30	2012	2012	116	1005141	11.5	2	3
456	Montana	30	2013	2013	137	1015165	13.5	2	3
457	Montana	30	2014	2014	122	1023579	11.9	2	3
458	Montana	30	2015	2015	135	1032949	13.1	2	3
459	Nebraska	31	1999	1999	36	1704764	2.1	4	4
460	Nebraska	31	2000	2000	44	1711263	2.6	4	4
461	Nebraska	31	2001	2001	66	1719836	3.8	4	4
462	Nebraska	31	2002	2002	65	1728292	3.8	4	4
463	Nebraska	31	2003	2003	53	1738643	3.0	4	4
464	Nebraska	31	2004	2004	57	1749370	3.3	4	4
465	Nebraska	31	2005	2005	83	1761497	4.7	4	4
466	Nebraska	31	2006	2006	86	1772693	4.9	4	4
467	Nebraska	31	2007	2007	76	1783440	4.3	4	4
468	Nebraska	31	2008	2008	90	1796378	5.0	4	4
469	Nebraska	31	2009	2009	104	1812683	5.7	4	4
470	Nebraska	31	2010	2010	114	1826341	6.2	4	4
471	Nebraska	31	2011	2011	127	1842641	6.9	4	4
472	Nebraska	31	2012	2012	142	1855525	7.7	4	4
473	Nebraska	31	2013	2013	115	1868516	6.2	4	4
474	Nebraska	31	2014	2014	124	1881503	6.6	4	4
475	Nebraska	31	2015	2015	125	1896190	6.6	4	4
476	Nevada	32	1999	1999	220	1934718	11.4	3	2
477	Nevada	32	2000	2000	267	1998257	13.4	3	2
478	Nevada	32	2001	2001	259	2098399	12.3	3	2
479	Nevada	32	2002	2002	310	2173791	14.3	3	2
480	Nevada	32	2003	2003	337	2248850	15.0	3	2
481	Nevada	32	2004	2004	375	2346222	16.0	3	2
482	Nevada	32	2005	2005	450	2432143	18.5	3	2
483	Nevada	32	2006	2006	458	2522658	18.2	3	2
484	Nevada	32	2007	2007	487	2601072	18.7	3	2
485	Nevada	32	2008	2008	511	2653630	19.3	3	2
486	Nevada	32	2009	2009	543	2684665	20.2	3	2
487	Nevada	32	2010	2010	570	2700551	21.1	3	2
488	Nevada	32	2011	2011	632	2723322	23.2	3	2
489	Nevada	32	2012	2012	597	2758931	21.6	3	2
490	Nevada	32	2013	2013	613	2790136	22.0	3	2
491	Nevada	32	2014	2014	540	2839099	19.0	3	2
492	Nevada	32	2015	2015	612	2890845	21.2	3	2
493	New Hampshire	33	1999	1999	54	1222014	4.4	1	11
494	New Hampshire	33	2000	2000	42	1235786	3.4	1	11
495	New Hampshire	33	2001	2001	76	1255517	6.1	1	11
496	New Hampshire	33	2002	2002	108	1269089	8.5	1	11
497	New Hampshire	33	2003	2003	125	1279840	9.8	1	11
498	New Hampshire	33	2004	2004	123	1290121	9.5	1	11
499	New Hampshire	33	2005	2005	138	1298492	10.6	1	11
500	New Hampshire	33	2006	2006	145	1308389	11.1	1	11
501	New Hampshire	33	2007	2007	182	1312540	13.9	1	11
502	New Hampshire	33	2008	2008	124	1315906	9.4	1	11
503	New Hampshire	33	2009	2009	165	1316102	12.5	1	11
504	New Hampshire	33	2010	2010	157	1316470	11.9	1	11
505	New Hampshire	33	2011	2011	209	1318194	15.9	1	11
506	New Hampshire	33	2012	2012	172	1320718	13.0	1	11
507	New Hampshire	33	2013	2013	201	1323459	15.2	1	11
508	New Hampshire	33	2014	2014	334	1326813	25.2	1	11
509	New Hampshire	33	2015	2015	421	1330608	31.6	1	11
510	New Jersey	34	1999	1999	550	8359592	6.6	3	9
511	New Jersey	34	2000	2000	634	8414350	7.5	3	9
512	New Jersey	34	2001	2001	697	8492671	8.2	3	9
513	New Jersey	34	2002	2002	802	8552643	9.4	3	9
514	New Jersey	34	2003	2003	711	8601402	8.3	3	9
515	New Jersey	34	2004	2004	579	8634561	6.7	3	9
516	New Jersey	34	2005	2005	811	8651974	9.4	3	9
517	New Jersey	34	2006	2006	837	8661679	9.7	3	9
518	New Jersey	34	2007	2007	715	8677885	8.2	3	9
519	New Jersey	34	2008	2008	692	8711090	7.9	3	9
520	New Jersey	34	2009	2009	262	8755602	3.0	3	9
521	New Jersey	34	2010	2010	850	8791894	9.7	3	9
522	New Jersey	34	2011	2011	1001	8821155	11.3	3	9
523	New Jersey	34	2012	2012	1206	8864590	13.6	3	9
524	New Jersey	34	2013	2013	1289	8899339	14.5	3	9
525	New Jersey	34	2014	2014	1242	8938175	13.9	3	9
526	New Jersey	34	2015	2015	1444	8958013	16.1	3	9
527	New Mexico	35	1999	1999	258	1808082	14.3	5	3
528	New Mexico	35	2000	2000	262	1819046	14.4	5	3
529	New Mexico	35	2001	2001	255	1831690	13.9	5	3
530	New Mexico	35	2002	2002	282	1855309	15.2	5	3
531	New Mexico	35	2003	2003	352	1877574	18.7	5	3
532	New Mexico	35	2004	2004	309	1903808	16.2	5	3
533	New Mexico	35	2005	2005	370	1932274	19.1	5	3
534	New Mexico	35	2006	2006	417	1962137	21.3	5	3
535	New Mexico	35	2007	2007	457	1990070	23.0	5	3
536	New Mexico	35	2008	2008	513	2010662	25.5	5	3
537	New Mexico	35	2009	2009	431	2036802	21.2	5	3
538	New Mexico	35	2010	2010	471	2059179	22.9	5	3
539	New Mexico	35	2011	2011	525	2082224	25.2	5	3
540	New Mexico	35	2012	2012	486	2085538	23.3	5	3
541	New Mexico	35	2013	2013	454	2085287	21.8	5	3
542	New Mexico	35	2014	2014	539	2085572	25.8	5	3
543	New Mexico	35	2015	2015	496	2085109	23.8	5	3
544	New York	36	1999	1999	944	18882725	5.0	2	9
545	New York	36	2000	2000	749	18976457	3.9	2	9
546	New York	36	2001	2001	1051	19082838	5.5	2	9
547	New York	36	2002	2002	905	19137800	4.7	2	9
548	New York	36	2003	2003	942	19175939	4.9	2	9
549	New York	36	2004	2004	814	19171567	4.2	2	9
550	New York	36	2005	2005	927	19132610	4.8	2	9
551	New York	36	2006	2006	1655	19104631	8.7	2	9
552	New York	36	2007	2007	1679	19132335	8.8	2	9
553	New York	36	2008	2008	1653	19212436	8.6	2	9
554	New York	36	2009	2009	1565	19307066	8.1	2	9
555	New York	36	2010	2010	1537	19378102	7.9	2	9
556	New York	36	2011	2011	1920	19465197	9.9	2	9
557	New York	36	2012	2012	2081	19570261	10.6	2	9
558	New York	36	2013	2013	2285	19651127	11.6	2	9
559	New York	36	2014	2014	2277	19746227	11.5	2	9
560	New York	36	2015	2015	2723	19795791	13.8	2	9
561	North Carolina	37	1999	1999	355	7949361	4.5	5	7
562	North Carolina	37	2000	2000	477	8049313	5.9	5	7
563	North Carolina	37	2001	2001	532	8210122	6.5	5	7
564	North Carolina	37	2002	2002	635	8326201	7.6	5	7
565	North Carolina	37	2003	2003	738	8422501	8.8	5	7
566	North Carolina	37	2004	2004	836	8553152	9.8	5	7
567	North Carolina	37	2005	2005	977	8705407	11.2	5	7
568	North Carolina	37	2006	2006	1047	8917270	11.7	5	7
569	North Carolina	37	2007	2007	1063	9118037	11.7	5	7
570	North Carolina	37	2008	2008	1177	9309449	12.6	5	7
571	North Carolina	37	2009	2009	1174	9449566	12.4	5	7
572	North Carolina	37	2010	2010	1076	9535483	11.3	5	7
573	North Carolina	37	2011	2011	1249	9656401	12.9	5	7
574	North Carolina	37	2012	2012	1283	9752073	13.2	5	7
575	North Carolina	37	2013	2013	1246	9848060	12.7	5	7
576	North Carolina	37	2014	2014	1344	9943964	13.5	5	7
577	North Carolina	37	2015	2015	1555	10042802	15.5	5	7
578	North Dakota	38	1999	1999	11	644259	2.0	2	4
579	North Dakota	38	2000	2000	14	642200	2.0	2	4
580	North Dakota	38	2001	2001	14	639062	2.0	2	4
581	North Dakota	38	2002	2002	16	638168	2.0	2	4
582	North Dakota	38	2003	2003	21	638817	3.3	2	4
583	North Dakota	38	2004	2004	16	644705	2.0	2	4
584	North Dakota	38	2005	2005	12	646089	2.0	2	4
585	North Dakota	38	2006	2006	13	649422	2.0	2	4
586	North Dakota	38	2007	2007	31	652822	4.7	2	4
587	North Dakota	38	2008	2008	44	657569	6.7	2	4
588	North Dakota	38	2009	2009	27	664968	4.1	2	4
589	North Dakota	38	2010	2010	23	672591	3.4	2	4
590	North Dakota	38	2011	2011	16	683932	2.0	2	4
591	North Dakota	38	2012	2012	21	699628	3.0	2	4
592	North Dakota	38	2013	2013	20	723393	2.8	2	4
593	North Dakota	38	2014	2014	42	739482	5.7	2	4
594	North Dakota	38	2015	2015	61	756927	8.1	2	4
595	Ohio	39	1999	1999	453	11335454	4.0	3	7
596	Ohio	39	2000	2000	554	11353140	4.9	3	7
597	Ohio	39	2001	2001	715	11387404	6.3	3	7
598	Ohio	39	2002	2002	901	11407889	7.9	3	7
599	Ohio	39	2003	2003	759	11434788	6.6	3	7
600	Ohio	39	2004	2004	1113	11452251	9.7	3	7
601	Ohio	39	2005	2005	1216	11463320	10.6	3	7
602	Ohio	39	2006	2006	1500	11481213	13.1	3	7
603	Ohio	39	2007	2007	1568	11500468	13.6	3	7
604	Ohio	39	2008	2008	1702	11515391	14.8	3	7
605	Ohio	39	2009	2009	1225	11528896	10.6	3	7
606	Ohio	39	2010	2010	1823	11536504	15.8	3	7
607	Ohio	39	2011	2011	2011	11544951	17.4	3	7
608	Ohio	39	2012	2012	2114	11544225	18.3	3	7
609	Ohio	39	2013	2013	2338	11570808	20.2	3	7
610	Ohio	39	2014	2014	2730	11594163	23.5	3	7
611	Ohio	39	2015	2015	3300	11613423	28.4	3	7
612	Oklahoma	40	1999	1999	175	3437147	5.1	6	4
613	Oklahoma	40	2000	2000	229	3450654	6.6	6	4
614	Oklahoma	40	2001	2001	263	3467100	7.6	6	4
615	Oklahoma	40	2002	2002	235	3489080	6.7	6	4
616	Oklahoma	40	2003	2003	390	3504892	11.1	6	4
617	Oklahoma	40	2004	2004	470	3525233	13.3	6	4
618	Oklahoma	40	2005	2005	466	3548597	13.1	6	4
619	Oklahoma	40	2006	2006	556	3594090	15.5	6	4
620	Oklahoma	40	2007	2007	650	3634349	17.9	6	4
621	Oklahoma	40	2008	2008	555	3668976	15.1	6	4
622	Oklahoma	40	2009	2009	754	3717572	20.3	6	4
623	Oklahoma	40	2010	2010	713	3751351	19.0	6	4
624	Oklahoma	40	2011	2011	698	3791508	18.4	6	4
625	Oklahoma	40	2012	2012	759	3814820	19.9	6	4
626	Oklahoma	40	2013	2013	784	3850568	20.4	6	4
627	Oklahoma	40	2014	2014	772	3878051	19.9	6	4
628	Oklahoma	40	2015	2015	716	3911338	18.3	6	4
629	Oregon	41	1999	1999	207	3393941	6.1	3	1
630	Oregon	41	2000	2000	203	3421399	5.9	3	1
631	Oregon	41	2001	2001	234	3467937	6.7	3	1
632	Oregon	41	2002	2002	312	3513424	8.9	3	1
633	Oregon	41	2003	2003	351	3547376	9.9	3	1
634	Oregon	41	2004	2004	356	3569463	10.0	3	1
635	Oregon	41	2005	2005	374	3613202	10.4	3	1
636	Oregon	41	2006	2006	478	3670883	13.0	3	1
637	Oregon	41	2007	2007	492	3722417	13.2	3	1
638	Oregon	41	2008	2008	443	3768748	11.8	3	1
639	Oregon	41	2009	2009	498	3808600	13.1	3	1
640	Oregon	41	2010	2010	496	3831074	12.9	3	1
641	Oregon	41	2011	2011	526	3871859	13.6	3	1
642	Oregon	41	2012	2012	484	3899353	12.4	3	1
643	Oregon	41	2013	2013	445	3930065	11.3	3	1
644	Oregon	41	2014	2014	517	3970239	13.0	3	1
645	Oregon	41	2015	2015	502	4028977	12.5	3	1
646	Pennsylvania	42	1999	1999	980	12263805	8.0	3	8
647	Pennsylvania	42	2000	2000	1134	12281054	9.2	3	8
648	Pennsylvania	42	2001	2001	942	12298970	7.7	3	8
649	Pennsylvania	42	2002	2002	1081	12331031	8.8	3	8
650	Pennsylvania	42	2003	2003	1366	12374658	11.0	3	8
651	Pennsylvania	42	2004	2004	1524	12410722	12.3	3	8
652	Pennsylvania	42	2005	2005	1599	12449990	12.8	3	8
653	Pennsylvania	42	2006	2006	1612	12510809	12.9	3	8
654	Pennsylvania	42	2007	2007	1712	12563937	13.6	3	8
655	Pennsylvania	42	2008	2008	1827	12612285	14.5	3	8
656	Pennsylvania	42	2009	2009	1890	12666858	14.9	3	8
657	Pennsylvania	42	2010	2010	1897	12702379	14.9	3	8
658	Pennsylvania	42	2011	2011	2272	12742886	17.8	3	8
659	Pennsylvania	42	2012	2012	2346	12763536	18.4	3	8
660	Pennsylvania	42	2013	2013	2409	12773801	18.9	3	8
661	Pennsylvania	42	2014	2014	2710	12787209	21.2	3	8
662	Pennsylvania	42	2015	2015	3244	12802503	25.3	3	8
663	Rhode Island	44	1999	1999	55	1040402	5.3	2	10
664	Rhode Island	44	2000	2000	71	1048319	6.8	2	10
665	Rhode Island	44	2001	2001	109	1057142	10.3	2	10
666	Rhode Island	44	2002	2002	96	1065995	9.0	2	10
667	Rhode Island	44	2003	2003	140	1071342	13.1	2	10
668	Rhode Island	44	2004	2004	102	1074579	9.5	2	10
669	Rhode Island	44	2005	2005	154	1067916	14.4	2	10
670	Rhode Island	44	2006	2006	174	1063096	16.4	2	10
671	Rhode Island	44	2007	2007	132	1057315	12.5	2	10
672	Rhode Island	44	2008	2008	179	1055003	17.0	2	10
673	Rhode Island	44	2009	2009	157	1053646	14.9	2	10
674	Rhode Island	44	2010	2010	165	1052567	15.7	2	10
675	Rhode Island	44	2011	2011	190	1051302	18.1	2	10
676	Rhode Island	44	2012	2012	193	1050292	18.4	2	10
677	Rhode Island	44	2013	2013	240	1051511	22.8	2	10
678	Rhode Island	44	2014	2014	246	1055173	23.3	2	10
679	Rhode Island	44	2015	2015	308	1056298	29.2	2	10
680	South Carolina	45	1999	1999	144	3974682	3.6	5	8
681	South Carolina	45	2000	2000	250	4012012	6.2	5	8
682	South Carolina	45	2001	2001	236	4064995	5.8	5	8
683	South Carolina	45	2002	2002	210	4107795	5.1	5	8
684	South Carolina	45	2003	2003	281	4150297	6.8	5	8
685	South Carolina	45	2004	2004	352	4210921	8.4	5	8
686	South Carolina	45	2005	2005	419	4270150	9.8	5	8
687	South Carolina	45	2006	2006	544	4357847	12.5	5	8
688	South Carolina	45	2007	2007	535	4444110	12.0	5	8
689	South Carolina	45	2008	2008	558	4528996	12.3	5	8
690	South Carolina	45	2009	2009	608	4589872	13.2	5	8
691	South Carolina	45	2010	2010	674	4625364	14.6	5	8
692	South Carolina	45	2011	2011	611	4679230	13.1	5	8
693	South Carolina	45	2012	2012	579	4723723	12.3	5	8
694	South Carolina	45	2013	2013	614	4774839	12.9	5	8
695	South Carolina	45	2014	2014	695	4832482	14.4	5	8
696	South Carolina	45	2015	2015	754	4896146	15.4	5	8
697	South Dakota	46	1999	1999	17	750412	2.0	3	4
698	South Dakota	46	2000	2000	17	754844	2.0	3	4
699	South Dakota	46	2001	2001	23	757972	3.0	3	4
700	South Dakota	46	2002	2002	22	760020	2.9	3	4
701	South Dakota	46	2003	2003	22	763729	2.9	3	4
702	South Dakota	46	2004	2004	43	770396	5.6	3	4
703	South Dakota	46	2005	2005	39	775493	5.0	3	4
704	South Dakota	46	2006	2006	37	783033	4.7	3	4
705	South Dakota	46	2007	2007	31	791623	3.9	3	4
706	South Dakota	46	2008	2008	52	799124	6.5	3	4
707	South Dakota	46	2009	2009	48	807067	5.9	3	4
708	South Dakota	46	2010	2010	45	814180	5.5	3	4
709	South Dakota	46	2011	2011	54	824082	6.6	3	4
710	South Dakota	46	2012	2012	41	833354	4.9	3	4
711	South Dakota	46	2013	2013	55	844877	6.5	3	4
712	South Dakota	46	2014	2014	61	853175	7.1	3	4
713	South Dakota	46	2015	2015	62	858469	7.2	3	4
714	Tennessee	47	1999	1999	338	5638706	6.0	5	6
715	Tennessee	47	2000	2000	381	5689283	6.7	5	6
716	Tennessee	47	2001	2001	406	5750789	7.1	5	6
717	Tennessee	47	2002	2002	481	5795918	8.3	5	6
718	Tennessee	47	2003	2003	647	5847812	11.1	5	6
719	Tennessee	47	2004	2004	744	5910809	12.6	5	6
720	Tennessee	47	2005	2005	860	5991057	14.4	5	6
721	Tennessee	47	2006	2006	960	6088766	15.8	5	6
722	Tennessee	47	2007	2007	969	6175727	15.7	5	6
723	Tennessee	47	2008	2008	920	6247411	14.7	5	6
724	Tennessee	47	2009	2009	949	6306019	15.0	5	6
725	Tennessee	47	2010	2010	1063	6346105	16.8	5	6
726	Tennessee	47	2011	2011	1075	6403353	16.8	5	6
727	Tennessee	47	2012	2012	1118	6456243	17.3	5	6
728	Tennessee	47	2013	2013	1177	6495978	18.1	5	6
729	Tennessee	47	2014	2014	1253	6549352	19.1	5	6
730	Tennessee	47	2015	2015	1446	6600299	21.9	5	6
731	Texas	48	1999	1999	1062	20558220	5.2	7	4
732	Texas	48	2000	2000	990	20851820	4.7	7	4
733	Texas	48	2001	2001	1345	21319622	6.3	7	4
734	Texas	48	2002	2002	1553	21690325	7.2	7	4
735	Texas	48	2003	2003	1724	22030931	7.8	7	4
736	Texas	48	2004	2004	1784	22394023	8.0	7	4
737	Texas	48	2005	2005	1870	22778123	8.2	7	4
738	Texas	48	2006	2006	2145	23359580	9.2	7	4
739	Texas	48	2007	2007	2159	23831983	9.1	7	4
740	Texas	48	2008	2008	2008	24309039	8.3	7	4
741	Texas	48	2009	2009	2376	24801761	9.6	7	4
742	Texas	48	2010	2010	2354	25145561	9.4	7	4
743	Texas	48	2011	2011	2548	25674681	9.9	7	4
744	Texas	48	2012	2012	2415	26059203	9.3	7	4
745	Texas	48	2013	2013	2416	26448193	9.1	7	4
746	Texas	48	2014	2014	2578	26956958	9.6	7	4
747	Texas	48	2015	2015	2562	27469114	9.3	7	4
748	Utah	49	1999	1999	203	2203482	9.2	4	2
749	Utah	49	2000	2000	205	2233169	9.2	4	2
750	Utah	49	2001	2001	203	2283715	8.9	4	2
751	Utah	49	2002	2002	288	2324815	12.4	4	2
752	Utah	49	2003	2003	346	2360137	14.7	4	2
753	Utah	49	2004	2004	350	2401580	14.6	4	2
754	Utah	49	2005	2005	432	2457719	17.6	4	2
755	Utah	49	2006	2006	436	2525507	17.3	4	2
756	Utah	49	2007	2007	501	2597746	19.3	4	2
757	Utah	49	2008	2008	459	2663029	17.2	4	2
758	Utah	49	2009	2009	476	2723421	17.5	4	2
759	Utah	49	2010	2010	427	2763885	15.4	4	2
760	Utah	49	2011	2011	502	2817222	17.8	4	2
761	Utah	49	2012	2012	596	2855287	20.9	4	2
762	Utah	49	2013	2013	586	2900872	20.2	4	2
763	Utah	49	2014	2014	602	2942902	20.5	4	2
764	Utah	49	2015	2015	641	2995919	21.4	4	2
765	Vermont	50	1999	1999	29	604683	4.8	1	10
766	Vermont	50	2000	2000	34	608827	5.6	1	10
767	Vermont	50	2001	2001	44	612223	7.2	1	10
768	Vermont	50	2002	2002	47	615442	7.6	1	10
769	Vermont	50	2003	2003	63	617858	10.2	1	10
770	Vermont	50	2004	2004	47	619920	7.6	1	10
771	Vermont	50	2005	2005	50	621215	8.0	1	10
772	Vermont	50	2006	2006	73	622892	11.7	1	10
773	Vermont	50	2007	2007	65	623481	10.4	1	10
774	Vermont	50	2008	2008	73	624151	11.7	1	10
775	Vermont	50	2009	2009	55	624817	8.8	1	10
776	Vermont	50	2010	2010	63	625741	10.1	1	10
777	Vermont	50	2011	2011	82	626431	13.1	1	10
778	Vermont	50	2012	2012	70	626011	11.2	1	10
779	Vermont	50	2013	2013	92	626630	14.7	1	10
780	Vermont	50	2014	2014	80	626562	12.8	1	10
781	Vermont	50	2015	2015	99	626042	15.8	1	10
782	Virginia	51	1999	1999	350	7000174	5.0	4	8
783	Virginia	51	2000	2000	395	7078515	5.6	4	8
784	Virginia	51	2001	2001	452	7198362	6.3	4	8
785	Virginia	51	2002	2002	490	7286873	6.7	4	8
786	Virginia	51	2003	2003	536	7366977	7.3	4	8
787	Virginia	51	2004	2004	547	7475575	7.3	4	8
788	Virginia	51	2005	2005	562	7577105	7.4	4	8
789	Virginia	51	2006	2006	621	7673725	8.1	4	8
790	Virginia	51	2007	2007	694	7751000	9.0	4	8
791	Virginia	51	2008	2008	703	7833496	9.0	4	8
792	Virginia	51	2009	2009	673	7925937	8.5	4	8
793	Virginia	51	2010	2010	549	8001024	6.9	4	8
794	Virginia	51	2011	2011	789	8096604	9.7	4	8
795	Virginia	51	2012	2012	725	8185867	8.9	4	8
796	Virginia	51	2013	2013	840	8260405	10.2	4	8
797	Virginia	51	2014	2014	973	8326289	11.7	4	8
798	Virginia	51	2015	2015	1032	8382993	12.3	4	8
799	Washington	53	1999	1999	542	5842564	9.3	2	1
800	Washington	53	2000	2000	542	5894121	9.2	2	1
801	Washington	53	2001	2001	485	5985722	8.1	2	1
802	Washington	53	2002	2002	632	6052349	10.4	2	1
803	Washington	53	2003	2003	689	6104115	11.3	2	1
804	Washington	53	2004	2004	794	6178645	12.9	2	1
805	Washington	53	2005	2005	838	6257305	13.4	2	1
806	Washington	53	2006	2006	886	6370753	13.9	2	1
807	Washington	53	2007	2007	940	6461587	14.5	2	1
808	Washington	53	2008	2008	997	6562231	15.2	2	1
809	Washington	53	2009	2009	980	6667426	14.7	2	1
810	Washington	53	2010	2010	904	6724540	13.4	2	1
811	Washington	53	2011	2011	988	6830038	14.5	2	1
812	Washington	53	2012	2012	973	6897012	14.1	2	1
813	Washington	53	2013	2013	952	6971406	13.7	2	1
814	Washington	53	2014	2014	974	7061530	13.8	2	1
815	Washington	53	2015	2015	1083	7170351	15.1	2	1
816	West Virginia	54	1999	1999	72	1811799	4.0	4	7
817	West Virginia	54	2000	2000	111	1808344	6.1	4	7
818	West Virginia	54	2001	2001	204	1801481	11.3	4	7
819	West Virginia	54	2002	2002	227	1805414	12.6	4	7
820	West Virginia	54	2003	2003	259	1812295	14.3	4	7
821	West Virginia	54	2004	2004	332	1816438	18.3	4	7
822	West Virginia	54	2005	2005	181	1820492	9.9	4	7
823	West Virginia	54	2006	2006	358	1827912	19.6	4	7
824	West Virginia	54	2007	2007	394	1834052	21.5	4	7
825	West Virginia	54	2008	2008	449	1840310	24.4	4	7
826	West Virginia	54	2009	2009	223	1847775	12.1	4	7
827	West Virginia	54	2010	2010	510	1852994	27.5	4	7
828	West Virginia	54	2011	2011	631	1855364	34.0	4	7
829	West Virginia	54	2012	2012	556	1855413	30.0	4	7
830	West Virginia	54	2013	2013	566	1854304	30.5	4	7
831	West Virginia	54	2014	2014	626	1850326	33.8	4	7
832	West Virginia	54	2015	2015	723	1844128	39.2	4	7
833	Wisconsin	55	1999	1999	203	5332666	3.8	2	7
834	Wisconsin	55	2000	2000	244	5363675	4.5	2	7
835	Wisconsin	55	2001	2001	253	5406835	4.7	2	7
836	Wisconsin	55	2002	2002	332	5445162	6.1	2	7
837	Wisconsin	55	2003	2003	373	5479203	6.8	2	7
838	Wisconsin	55	2004	2004	423	5514026	7.7	2	7
839	Wisconsin	55	2005	2005	505	5546166	9.1	2	7
840	Wisconsin	55	2006	2006	584	5577655	10.5	2	7
841	Wisconsin	55	2007	2007	610	5610775	10.9	2	7
842	Wisconsin	55	2008	2008	594	5640996	10.5	2	7
843	Wisconsin	55	2009	2009	623	5669264	11.0	2	7
844	Wisconsin	55	2010	2010	624	5686986	11.0	2	7
845	Wisconsin	55	2011	2011	694	5711767	12.2	2	7
846	Wisconsin	55	2012	2012	688	5726398	12.0	2	7
847	Wisconsin	55	2013	2013	855	5742713	14.9	2	7
848	Wisconsin	55	2014	2014	847	5757564	14.7	2	7
849	Wisconsin	55	2015	2015	869	5771337	15.1	2	7
850	Wyoming	56	1999	1999	19	491780	2.0	3	3
851	Wyoming	56	2000	2000	22	493782	4.5	3	3
852	Wyoming	56	2001	2001	21	494657	4.2	3	3
853	Wyoming	56	2002	2002	33	500017	6.6	3	3
854	Wyoming	56	2003	2003	27	503453	5.4	3	3
855	Wyoming	56	2004	2004	44	509106	8.6	3	3
856	Wyoming	56	2005	2005	25	514157	4.9	3	3
857	Wyoming	56	2006	2006	53	522667	10.1	3	3
858	Wyoming	56	2007	2007	62	534876	11.6	3	3
859	Wyoming	56	2008	2008	71	546043	13.0	3	3
860	Wyoming	56	2009	2009	59	559851	10.5	3	3
861	Wyoming	56	2010	2010	85	563626	15.1	3	3
862	Wyoming	56	2011	2011	84	568158	14.8	3	3
863	Wyoming	56	2012	2012	98	576412	17.0	3	3
864	Wyoming	56	2013	2013	96	582658	16.5	3	3
865	Wyoming	56	2014	2014	108	584153	18.5	3	3
866	Wyoming	56	2015	2015	96	586107	16.4	3	3
